stand,0.8332409,0.1888205,0.8408914,0.19222759,0.8259405,0.20527631,0.84370524,0.21250723,0.8199311,0.22579741,0.8431197,0.2411753,0.8243537,0.24011351,0.83680254,0.25507158,0.82290184,0.25279042,0.83518845,0.25556436,0.8155191,0.2854473,0.82791424,0.29026157,0.81343865,0.31768963,0.8237118,0.3227297
stand,0.8339468,0.18778817,0.8380308,0.18908618,0.8283206,0.20423001,0.8374438,0.20717846,0.82427984,0.22468537,0.8340961,0.23131895,0.8259518,0.23500083,0.8290525,0.24440558,0.8241267,0.2498356,0.83082104,0.25088072,0.81899977,0.28195682,0.8271836,0.28410488,0.8167172,0.31268537,0.8231227,0.3151449
stand,0.0,0.0,0.8420339,0.18936211,0.82769835,0.19904839,0.8420559,0.20613572,0.8204234,0.21784402,0.83920735,0.23124525,0.0,0.0,0.83387053,0.24486886,0.8240523,0.24331555,0.83451545,0.24616283,0.8194105,0.27562976,0.8309619,0.27987704,0.8154485,0.30577496,0.8282887,0.31173745
stand,0.0,0.0,0.08705453,0.38115597,0.08079318,0.40543678,0.08633587,0.40848905,0.0,0.0,0.09179866,0.44933856,0.0,0.0,0.09986217,0.47435427,0.08410157,0.47675633,0.089016855,0.4792096,0.09016339,0.5280974,0.09859038,0.52910805,0.0894907,0.5742806,0.09983719,0.57783407
stand,0.0,0.0,0.13606703,0.37504518,0.13608994,0.3996456,0.13202208,0.402631,0.0,0.0,0.12999575,0.44296256,0.0,0.0,0.13500951,0.47795358,0.13626824,0.47091258,0.13400431,0.4735035,0.14463638,0.518942,0.14611194,0.5209552,0.13876264,0.56580395,0.14064696,0.5696317
stand,0.0,0.0,0.11583876,0.40097556,0.14167224,0.43799838,0.10589971,0.44046804,0.15204924,0.47093296,0.08135781,0.48773313,0.14181043,0.42766967,0.10540326,0.52205294,0.14170454,0.55298007,0.11920022,0.5564954,0.14423917,0.6417885,0.118492834,0.6490772,0.14705667,0.72504526,0.12295919,0.7315612
squat,0.0,0.0,0.33809468,0.49584427,0.33398554,0.5147856,0.32033882,0.5199196,0.34876364,0.55278474,0.3381587,0.56828696,0.36422047,0.582478,0.3599313,0.5981814,0.30894792,0.58532095,0.29714587,0.59178966,0.35157058,0.56694615,0.3344965,0.5851031,0.33182725,0.63014853,0.31512278,0.63977575
squat,0.0,0.0,0.34816894,0.49556157,0.33376035,0.5119506,0.33172175,0.5129225,0.33876356,0.55260843,0.33851472,0.5646078,0.0,0.0,0.35385126,0.60808116,0.30579627,0.5834544,0.3022368,0.5867575,0.34528336,0.56660646,0.33460996,0.57769203,0.33130023,0.6357256,0.31565425,0.640206
squat,0.0,0.0,0.33448607,0.48879844,0.33275104,0.507809,0.31780857,0.5180672,0.35487792,0.53654784,0.32963824,0.56766784,0.37846753,0.5625855,0.35633662,0.5852561,0.31086323,0.58306056,0.29916987,0.5908405,0.34933373,0.57126176,0.33192992,0.5846098,0.33179343,0.63610333,0.31464055,0.6385712
squat,0.0,0.0,0.3395673,0.50548714,0.33508843,0.5126887,0.32094076,0.5240192,0.35327706,0.54429233,0.3296431,0.5680197,0.36314982,0.56487125,0.35439962,0.573258,0.309755,0.5824518,0.29839548,0.5918253,0.3541856,0.5611702,0.3361071,0.5837611,0.3314225,0.6264341,0.31363627,0.635172
squat,0.0,0.0,0.34735024,0.49773934,0.3551379,0.52168125,0.33176896,0.52071327,0.3645304,0.5604117,0.3365917,0.5763362,0.36908707,0.5776365,0.36003414,0.58490604,0.3200557,0.5759626,0.3027005,0.577638,0.3601652,0.57441413,0.33643937,0.5858533,0.33298418,0.62780416,0.3147508,0.6416303
bend,0.0,0.0,0.35461727,0.46540838,0.35777244,0.4904056,0.33494055,0.48525244,0.35209882,0.5375227,0.33173206,0.54862475,0.35345328,0.57157946,0.34751365,0.5792152,0.31864995,0.5184795,0.30217394,0.5172374,0.34758732,0.56828386,0.32945362,0.57245904,0.33174714,0.6241415,0.3181068,0.6387703
stand,0.39621672,0.3474403,0.37645233,0.3501193,0.40731174,0.3913103,0.36427784,0.39782763,0.41432104,0.44486624,0.35098085,0.4514189,0.4182163,0.49437147,0.3518552,0.5033421,0.3973687,0.5089212,0.37257674,0.51230234,0.38442427,0.583227,0.38295278,0.594497,0.370051,0.6471842,0.3942631,0.68064696
stand,0.0,0.0,0.27719325,0.35143128,0.31017908,0.39377952,0.26485193,0.40230113,0.3200781,0.4547373,0.25793368,0.47359988,0.32178828,0.5147008,0.25531006,0.5388262,0.30752856,0.5313783,0.2777034,0.5365424,0.31611583,0.6230172,0.28293014,0.62899864,0.30793747,0.7067168,0.28559253,0.7110412
stand,0.0,0.0,0.34065303,0.37565202,0.36214834,0.42788324,0.32074928,0.43209815,0.3649838,0.5017787,0.30638644,0.5113666,0.3727376,0.5649077,0.30740947,0.582631,0.3529455,0.57453954,0.32863948,0.58017945,0.34482202,0.6740061,0.33973488,0.69050115,0.32558545,0.74990416,0.34734866,0.79830825
bend,0.0,0.0,0.38411373,0.47423398,0.38640103,0.5043942,0.355423,0.5063155,0.37393692,0.57231736,0.34271565,0.5879245,0.38159442,0.6337758,0.36746925,0.639072,0.34340447,0.59503853,0.32163075,0.59857666,0.36947685,0.68524593,0.34773836,0.69831437,0.3544633,0.78079534,0.34487295,0.8081078
bend,0.0,0.0,0.40335986,0.59942216,0.39419347,0.62002414,0.36978728,0.6135488,0.378594,0.6681269,0.3465466,0.6661044,0.39019954,0.71252954,0.37560543,0.7212913,0.33724022,0.66479856,0.3192186,0.66495,0.3853511,0.7168667,0.35980904,0.7239227,0.35953042,0.7960905,0.34578365,0.81101805
squat,0.0,0.0,0.40207157,0.63050544,0.40036184,0.660755,0.37116197,0.6529147,0.3864188,0.70972073,0.344396,0.7110882,0.39949962,0.73363227,0.38121262,0.7333151,0.3500543,0.723293,0.328181,0.7225692,0.40055808,0.73740286,0.35734415,0.74403334,0.35707104,0.78538585,0.34723768,0.8151761
squat,0.0,0.0,0.40133238,0.62364304,0.39941013,0.656249,0.37115523,0.64967257,0.38708627,0.7058799,0.3469545,0.71359473,0.4060816,0.72770864,0.38540703,0.72934276,0.3478558,0.72674274,0.32683763,0.726169,0.39617822,0.7368578,0.35809255,0.7406684,0.35661176,0.7896658,0.3468387,0.8161904
squat,0.0,0.0,0.40001097,0.6243213,0.40093586,0.6591452,0.37131506,0.6515692,0.38389462,0.714546,0.34874055,0.71729094,0.38907763,0.73108065,0.38447213,0.73545235,0.35079476,0.7293679,0.32805547,0.7284156,0.4026967,0.73632735,0.36014348,0.7438137,0.35555443,0.78019625,0.3463325,0.8163345
squat,0.0,0.0,0.39994547,0.62635285,0.40186784,0.65992224,0.37081537,0.65202886,0.38470855,0.71482056,0.34751955,0.7156326,0.39093873,0.73696214,0.38332355,0.73780775,0.352271,0.72909725,0.32845315,0.7280131,0.40496054,0.73831636,0.35966596,0.7450175,0.35626575,0.7815313,0.34606656,0.81433225
stand,0.0,0.0,0.17978263,0.47778046,0.23303826,0.49518564,0.17133677,0.52335876,0.2552645,0.5762778,0.16171227,0.60743403,0.22791187,0.623409,0.19304074,0.629475,0.23908459,0.65378845,0.19740592,0.6660303,0.25242642,0.74136555,0.21144605,0.74912924,0.25992486,0.79974586,0.21699312,0.79340154
stand,0.0,0.0,0.17872041,0.47962108,0.22799788,0.49199963,0.16978382,0.5253789,0.254096,0.56827706,0.16343985,0.6155655,0.23039477,0.623746,0.1959384,0.6301319,0.23557435,0.6467862,0.19680947,0.66235995,0.24765074,0.73889077,0.21052177,0.74811065,0.2606878,0.7944795,0.21919338,0.78803194
stand,0.0,0.0,0.44070488,0.18532673,0.44873905,0.22223714,0.4121805,0.2121871,0.4491013,0.2683194,0.39037117,0.2549731,0.44507027,0.3147737,0.39229652,0.30651107,0.430077,0.3227035,0.40582633,0.3162163,0.4192989,0.39704302,0.3973759,0.37909147,0.40978342,0.44418013,0.39402708,0.4153074
stand,0.1997197,0.52328825,0.0,0.0,0.23532246,0.5357528,0.17798178,0.54334486,0.27351186,0.5942028,0.16683997,0.58682984,0.24970086,0.6613517,0.1765005,0.6510041,0.23229395,0.6723866,0.19482136,0.6740608,0.24635258,0.74401677,0.19884658,0.7447649,0.26100248,0.7990726,0.20848083,0.8112578
stand,0.12098827,0.5790116,0.0,0.0,0.1721981,0.60079837,0.12860832,0.57949823,0.21686761,0.6696105,0.12760453,0.6232574,0.19278042,0.7337448,0.118542686,0.70085216,0.19116056,0.7063994,0.1675727,0.6966641,0.19661891,0.8114851,0.19232598,0.79740596,0.21124959,0.8477078,0.23651795,0.8194074
stand,0.0,0.0,0.39092192,0.20095393,0.40649912,0.23240891,0.36961192,0.24103953,0.40865117,0.27909496,0.35851678,0.301207,0.41719088,0.32301587,0.38080522,0.33461678,0.4038414,0.33130866,0.37770578,0.33868805,0.40375105,0.39306405,0.3750197,0.40715384,0.41156387,0.4431427,0.37186456,0.46433777
stand,0.06415212,0.68368745,0.0,0.0,0.11398438,0.7144775,0.08080295,0.6455132,0.15001985,0.79792243,0.08930471,0.6894478,0.11544644,0.8355654,0.07809563,0.7531992,0.14190972,0.80952686,0.12559572,0.7714578,0.14661519,0.9111018,0.15334137,0.8234903,0.15405993,0.98326063,0.18743515,0.8563985
stand,0.36685756,0.2521236,0.0,0.0,0.37780532,0.28818733,0.33755937,0.270197,0.39074108,0.34514984,0.33017418,0.30986205,0.38405618,0.40179002,0.32535836,0.35059172,0.3641924,0.39332336,0.33863002,0.3840985,0.35984945,0.4589152,0.33388516,0.450382,0.35983476,0.5162001,0.34710947,0.5024641
stand,0.31274334,0.26131365,0.0,0.0,0.3252587,0.30780315,0.29147252,0.29671228,0.33693337,0.37113154,0.28636166,0.34668115,0.33226958,0.43409136,0.28009933,0.38915882,0.31398758,0.4158618,0.2919131,0.40969273,0.31206554,0.4876717,0.2937807,0.48257044,0.32123685,0.5450435,0.30233347,0.5445183
squat,0.0,0.0,0.47655565,0.13038282,0.45509812,0.13263635,0.47591957,0.14316136,0.0,0.0,0.48126006,0.1709474,0.0,0.0,0.4798296,0.14583352,0.44346485,0.19347675,0.45683447,0.19978502,0.4716277,0.18495327,0.4885415,0.19419502,0.4508276,0.2094494,0.463317,0.21986595
stand,0.26750794,0.30164948,0.0,0.0,0.28337315,0.3536687,0.25597057,0.3354455,0.29121527,0.42550787,0.24957304,0.38120762,0.2802538,0.48415765,0.24230945,0.41389042,0.2765595,0.46652934,0.25966415,0.45608798,0.2739833,0.5449536,0.26861128,0.5250636,0.27018848,0.6250308,0.27436814,0.5881155
stand,0.20715609,0.3229315,0.0,0.0,0.22506514,0.37851834,0.23115222,0.35235304,0.23134093,0.45858267,0.0,0.0,0.22421022,0.5257941,0.0,0.0,0.22819443,0.49446347,0.23388802,0.48063615,0.22936098,0.57149386,0.23131843,0.5541552,0.23587608,0.63196445,0.24610913,0.6136926
stand,0.0,0.0,0.21661149,0.35554403,0.17442663,0.40403154,0.22359292,0.4078929,0.1649061,0.45848098,0.239776,0.4762546,0.17067544,0.5062857,0.24730372,0.5191406,0.18860684,0.53185433,0.22080646,0.5309808,0.20022665,0.61777955,0.23045154,0.5967383,0.2104498,0.6973842,0.2380847,0.664457
stand,0.38276944,0.113132074,0.0,0.0,0.38984713,0.14886631,0.35913432,0.13658701,0.40024143,0.19899991,0.35457674,0.16918056,0.39444694,0.23644471,0.34242085,0.19413233,0.37533066,0.23915747,0.35586277,0.23234844,0.37194067,0.29514623,0.35715652,0.2888092,0.37285206,0.34495163,0.35692513,0.34051302
squat,0.0,0.0,0.4706659,0.13778624,0.4533859,0.13912499,0.4696752,0.15036573,0.0,0.0,0.479595,0.17907728,0.0,0.0,0.48377886,0.17306712,0.4395291,0.19485131,0.44918677,0.20084085,0.4660432,0.18301061,0.47610933,0.19113865,0.45563397,0.20948432,0.46111962,0.2197509
squat,0.0,0.0,0.54164505,0.41788852,0.5688176,0.40665492,0.5213381,0.41091824,0.5961415,0.42130536,0.47810432,0.44560316,0.5840606,0.47496343,0.5038076,0.49718833,0.54797524,0.4744991,0.5182335,0.47828,0.5766821,0.5094252,0.5086563,0.5231537,0.53755796,0.5354708,0.5104171,0.56818074
bend,0.0,0.0,0.5260661,0.3659934,0.56081885,0.3426711,0.5056533,0.34771848,0.5803032,0.38545653,0.47155857,0.39860642,0.5633489,0.42546183,0.48652634,0.4465822,0.53977484,0.36225235,0.50496197,0.36528894,0.5533102,0.44912326,0.49438173,0.46006057,0.5374449,0.5383822,0.50932866,0.55295104
stand,0.51675314,0.18502793,0.0,0.0,0.5344796,0.238661,0.47312436,0.23884897,0.5503222,0.30359715,0.46105543,0.31127372,0.551861,0.3696871,0.45761368,0.37697038,0.5226423,0.38999334,0.4855859,0.3892284,0.51617765,0.5004067,0.49956337,0.49472514,0.50562334,0.5991666,0.51230216,0.57928246
stand,0.40833932,0.21566223,0.0,0.0,0.4311934,0.30073506,0.36626908,0.29135793,0.45388007,0.39084315,0.36941892,0.37533045,0.46441603,0.47169158,0.3682346,0.44899726,0.42169753,0.48151436,0.3821737,0.4744988,0.41012222,0.60762125,0.40211684,0.5773154,0.40661326,0.7389955,0.42922235,0.646558
stand,0.3764017,0.24334288,0.0,0.0,0.39579877,0.32111892,0.33848152,0.31334183,0.40140572,0.4354397,0.0,0.0,0.38159084,0.52711654,0.0,0.0,0.39011568,0.50372326,0.34842634,0.4989416,0.39638272,0.62795496,0.33887127,0.62525773,0.40476695,0.7458584,0.32868525,0.74976605
stand,0.0,0.0,0.33633262,0.24911594,0.29069662,0.32122484,0.33652404,0.33689183,0.0,0.0,0.3449035,0.45692796,0.0,0.0,0.36021802,0.5452632,0.3020309,0.5224402,0.33817112,0.52550507,0.31107584,0.6456279,0.3711129,0.6102479,0.32590714,0.7826791,0.39557973,0.7139721
stand,0.0,0.0,0.40193865,0.22497432,0.34590846,0.29243556,0.4100364,0.3084568,0.33062246,0.37335086,0.43209,0.41843143,0.3285005,0.45101622,0.4432497,0.49525723,0.35929224,0.47596306,0.40232417,0.48343065,0.36215338,0.5880758,0.4074831,0.58937025,0.3482491,0.69867456,0.40608737,0.7015943
stand,0.3992631,0.2000421,0.43064886,0.20889272,0.37593427,0.26531032,0.43746242,0.2890395,0.36583492,0.35404807,0.45352077,0.38589507,0.3704353,0.435533,0.46105823,0.44359604,0.38624877,0.4387506,0.42305574,0.45704135,0.41246825,0.52451336,0.42278886,0.57115304,0.43135282,0.6251316,0.40579867,0.6883786
stand,0.0,0.0,0.44554177,0.18316309,0.4006414,0.24798839,0.4533684,0.2610785,0.0,0.0,0.45744592,0.36616465,0.0,0.0,0.47118098,0.44460654,0.41438976,0.425508,0.44945356,0.4300981,0.43454415,0.5361638,0.4608282,0.5308248,0.43088266,0.6513886,0.43836793,0.61866033
stand,0.0,0.0,0.47987366,0.17827013,0.43424508,0.23388752,0.47819814,0.25485635,0.0,0.0,0.48138022,0.35443935,0.0,0.0,0.49372673,0.4264685,0.43605295,0.40359664,0.47013918,0.410407,0.44189104,0.5114424,0.49132916,0.4981181,0.44209537,0.62773705,0.5054674,0.5923497
stand,0.0,0.0,0.53161216,0.17186087,0.48067617,0.22018701,0.53023666,0.24289225,0.46348834,0.2853206,0.54528296,0.33393937,0.4644838,0.35956854,0.5561742,0.3948794,0.48172885,0.3770632,0.51492923,0.38911685,0.48519975,0.46618235,0.5154386,0.4869264,0.47242767,0.56432414,0.51094574,0.587935
stand,0.0,0.0,0.5469579,0.1665426,0.5045442,0.2071797,0.5428843,0.23433146,0.4899025,0.27558407,0.54284173,0.32319942,0.5000973,0.34493044,0.5571076,0.37823045,0.5044102,0.35671562,0.52775526,0.37256446,0.520985,0.4467728,0.52432984,0.48126024,0.532249,0.5428435,0.51040924,0.58212566
stand,0.0,0.0,0.54903644,0.14720137,0.5433257,0.19624302,0.54208773,0.19677888,0.0,0.0,0.5365903,0.2801897,0.0,0.0,0.5576703,0.3436283,0.5366123,0.34890988,0.53523546,0.35158178,0.5584888,0.44836003,0.5377757,0.45384485,0.53507143,0.54813904,0.5435203,0.5552476
stand,0.0,0.0,0.58137065,0.15345167,0.56312,0.19262151,0.5728708,0.20271195,0.0,0.0,0.56363946,0.28865722,0.0,0.0,0.58278084,0.3425041,0.5480134,0.3398263,0.5583932,0.3458065,0.54813486,0.43774655,0.5718798,0.44683957,0.5402457,0.53347033,0.57498914,0.554708
stand,0.0,0.0,0.62891066,0.20682032,0.5856692,0.20570956,0.6146298,0.24075848,0.550543,0.23829299,0.59854215,0.31647792,0.55866814,0.26741147,0.59377635,0.35421246,0.54163367,0.33759424,0.56117016,0.3494896,0.55191267,0.43606755,0.570335,0.44791743,0.55552626,0.5376853,0.5741854,0.54845643
bend,0.0,0.0,0.6262261,0.30024946,0.5886879,0.2747697,0.61557484,0.3173244,0.55834925,0.2868644,0.61668575,0.39505422,0.54481864,0.29611358,0.598377,0.43459567,0.5310933,0.35531777,0.54954076,0.37100622,0.5582821,0.44562495,0.5814275,0.46289012,0.5485028,0.5423021,0.58156353,0.55493236
squat,0.0,0.0,0.62389416,0.36103126,0.5772757,0.34983873,0.6122653,0.37851238,0.5396209,0.36871678,0.63144773,0.41663265,0.0,0.0,0.6202245,0.4660808,0.53004897,0.45762444,0.5517625,0.47548178,0.5854817,0.44096038,0.6180434,0.48458168,0.54697585,0.530525,0.58090967,0.5550201
squat,0.0,0.0,0.6178445,0.37457204,0.5768641,0.3651106,0.60550296,0.3984802,0.5377574,0.38869154,0.6112589,0.4581431,0.5499362,0.43503702,0.6185898,0.47915414,0.5335936,0.48720738,0.55097747,0.5043157,0.5866992,0.447443,0.61502206,0.4757085,0.5507783,0.5350855,0.5791333,0.5576576
squat,0.0,0.0,0.6139042,0.3721835,0.56888384,0.3662871,0.605838,0.39199647,0.53126705,0.38712597,0.6181829,0.42134154,0.54618925,0.4329927,0.616563,0.4628097,0.5320944,0.4954963,0.55526704,0.5115474,0.58297473,0.43833438,0.61919826,0.47654498,0.5489123,0.53436923,0.57925546,0.5571703
squat,0.0,0.0,0.6117567,0.37235177,0.56588656,0.36777064,0.60533226,0.39103428,0.52892435,0.38921943,0.6228752,0.41466412,0.5431052,0.43664396,0.61616266,0.46152955,0.53140104,0.49898005,0.55626386,0.5145424,0.5810794,0.43638396,0.6193917,0.4760006,0.5491127,0.53408724,0.5804065,0.55797315
squat,0.0,0.0,0.61275417,0.3731149,0.56663543,0.37010664,0.60629076,0.39469886,0.5293005,0.3897277,0.62757987,0.42334566,0.54298,0.4376896,0.6180481,0.45948124,0.53154385,0.50287205,0.5561241,0.51860243,0.58346575,0.4392686,0.6208251,0.47667965,0.5488413,0.53712523,0.5806916,0.5566601
squat,0.0,0.0,0.6137969,0.37036812,0.56620395,0.36848933,0.60857373,0.39560062,0.5297958,0.39218348,0.6307638,0.42869332,0.54291093,0.4362299,0.618859,0.46845645,0.531971,0.49992228,0.5587063,0.51727027,0.5814894,0.437694,0.6205897,0.47988126,0.5483822,0.53695995,0.58095855,0.5562895
squat,0.12315108,0.344585,0.11374986,0.34485552,0.12884204,0.35703307,0.11005362,0.35879526,0.13764872,0.37561595,0.110453606,0.3803691,0.13245247,0.3863166,0.12009875,0.38891542,0.1286381,0.391069,0.11607726,0.39206803,0.12975937,0.38869607,0.112387754,0.38977644,0.12781306,0.41325456,0.11455852,0.41404048
squat,0.122889064,0.34545857,0.11356179,0.34590772,0.12865138,0.3573285,0.10996606,0.35928887,0.13733827,0.37552297,0.11095823,0.38065204,0.13281342,0.38631198,0.12137216,0.38951117,0.1283984,0.3911767,0.11579603,0.39233795,0.13125722,0.38852897,0.11313935,0.38971394,0.12992243,0.41350836,0.11553625,0.41440058
squat,0.0,0.0,0.13124867,0.34615755,0.13496652,0.361455,0.12387755,0.3552081,0.13799922,0.3767714,0.1263325,0.37149966,0.14503112,0.38747734,0.1388778,0.3858498,0.12450445,0.38926512,0.11553017,0.38737905,0.1364793,0.39343542,0.117707394,0.39183748,0.13469237,0.41493,0.11383907,0.41467234
squat,0.0,0.0,0.13459004,0.3486814,0.13283591,0.3610188,0.12545662,0.35533965,0.13446121,0.3781445,0.124608256,0.37332505,0.14342156,0.3891467,0.13805906,0.38976976,0.12051765,0.3901878,0.113984406,0.38919327,0.13565509,0.39837766,0.12217201,0.3978873,0.0,0.0,0.117860846,0.41918522
stand,0.42193922,0.14687014,0.41183525,0.14750242,0.42600587,0.17129903,0.4063021,0.17180234,0.4323852,0.20031047,0.3969203,0.19945428,0.4334823,0.22418274,0.39387324,0.2236184,0.4221741,0.2286878,0.41077635,0.22919561,0.41814953,0.26903227,0.41395023,0.2697102,0.41467732,0.3076027,0.41566157,0.30858213
stand,0.40040407,0.14280662,0.40811262,0.14385982,0.39434543,0.16624294,0.41350734,0.16818003,0.3862167,0.1973172,0.42055506,0.19881253,0.3844169,0.2225583,0.41842186,0.2196342,0.39588434,0.22572228,0.40841472,0.22636418,0.39204073,0.26546022,0.40687117,0.26661885,0.39253458,0.30304253,0.40591332,0.3047358
stand,0.38025895,0.14441945,0.0,0.0,0.37719715,0.16682044,0.39622408,0.16505887,0.3718948,0.19599858,0.40242827,0.19367288,0.36918068,0.2218013,0.4018125,0.21876949,0.38100657,0.22292218,0.39310777,0.22223043,0.38103965,0.26295602,0.39248034,0.26277375,0.38461247,0.30198064,0.39429235,0.3011829
stand,0.37168854,0.14348377,0.38110626,0.14422189,0.36616048,0.16472307,0.385159,0.16596149,0.3590335,0.19292827,0.39040762,0.19502294,0.3582333,0.21669239,0.3908226,0.21999088,0.36819103,0.21950051,0.37967715,0.21986452,0.37009963,0.25765866,0.3778556,0.25781372,0.37286273,0.29278806,0.3756267,0.29346287
stand,0.35971516,0.1460245,0.0,0.0,0.35654292,0.16716334,0.37512198,0.16790365,0.3509996,0.19512172,0.37977913,0.19700362,0.3484455,0.22001469,0.37723786,0.21797994,0.35912254,0.22212939,0.37221104,0.2223,0.3548522,0.25954744,0.37333938,0.26076874,0.35101873,0.29518324,0.37398908,0.2957056
stand,0.34328318,0.15744285,0.0,0.0,0.34022456,0.17365788,0.3591668,0.17116775,0.33559847,0.19893412,0.36542302,0.19465844,0.335685,0.22467728,0.36459377,0.21877208,0.3456359,0.2192821,0.3577435,0.21835178,0.34634885,0.2542676,0.35748935,0.25353098,0.34764344,0.28898284,0.35666853,0.28750068
bend,0.0,0.0,0.0,0.0,0.3390052,0.20764494,0.35799307,0.20493604,0.33787107,0.23917027,0.3635556,0.23281372,0.34222654,0.2673493,0.0,0.0,0.34586084,0.22234266,0.35836577,0.22176507,0.34633452,0.25784355,0.35713834,0.25765866,0.3494554,0.28939036,0.35593382,0.28839186
stand,0.4009286,0.37081632,0.0,0.0,0.40906954,0.39214516,0.3974942,0.39157096,0.41140723,0.42478552,0.39698312,0.42038336,0.4053974,0.4478507,0.39129308,0.44085443,0.4048797,0.45266187,0.39717385,0.45100054,0.40499714,0.4949257,0.39576012,0.49269453,0.40565875,0.5318309,0.39651507,0.5287226
stand,0.38332373,0.36911914,0.0,0.0,0.39213115,0.38988957,0.37588522,0.38698918,0.39645925,0.4200802,0.37168285,0.4114141,0.3818556,0.41358912,0.37652272,0.41197696,0.38847402,0.4476597,0.37736386,0.44539765,0.3911312,0.49014026,0.37957093,0.48636734,0.39900187,0.5280631,0.38607347,0.52299094
stand,0.38287097,0.3713298,0.0,0.0,0.39207125,0.39130053,0.37233102,0.3901327,0.39380693,0.420818,0.36899516,0.4151531,0.37950927,0.41160893,0.37304896,0.41085806,0.38767853,0.45280904,0.37421814,0.45126083,0.38971385,0.49826485,0.3743407,0.49560353,0.39019296,0.530685,0.0,0.0
stand,0.3898036,0.37174097,0.0,0.0,0.39637363,0.39045432,0.37636614,0.38914853,0.3987964,0.4171507,0.37100062,0.41194955,0.3856958,0.4111318,0.3771503,0.4121976,0.39188012,0.45029324,0.3785902,0.448965,0.3912511,0.4938437,0.37779632,0.4916046,0.3906172,0.5305632,0.37862536,0.5276477
stand,0.3929082,0.3709766,0.3820222,0.37048295,0.39857197,0.3899474,0.3777124,0.38747957,0.40030864,0.41665637,0.37234494,0.4123714,0.38830015,0.40797147,0.37778458,0.413713,0.39385232,0.45006028,0.38029915,0.44843778,0.393509,0.49413067,0.3810678,0.49151713,0.39051053,0.5313283,0.38220426,0.5282799
stand,0.3939097,0.36718383,0.38282263,0.3676767,0.3975833,0.3840283,0.37774134,0.38645443,0.40203622,0.4083486,0.3741468,0.41389176,0.39546832,0.40842035,0.38623956,0.41130704,0.39651418,0.44343555,0.38319317,0.44517392,0.4004663,0.48475176,0.38230407,0.48696175,0.40285984,0.5202837,0.38335904,0.5230037
stand,0.0,0.0,0.40445343,0.36672544,0.41441467,0.3841806,0.39757255,0.3856813,0.41726917,0.40765372,0.39471442,0.4150478,0.4164745,0.40472096,0.40843529,0.40993917,0.41302693,0.442832,0.4017741,0.44441342,0.41239616,0.48626557,0.39938894,0.48886016,0.40765813,0.52222633,0.39592654,0.52639073
stand,0.0,0.0,0.4195449,0.36842743,0.42602155,0.3856859,0.4132894,0.3884339,0.43043095,0.40856954,0.4088271,0.41716072,0.43120456,0.40854162,0.42347142,0.41222543,0.42483562,0.44264203,0.41693035,0.44497076,0.4217206,0.48279634,0.41663483,0.48654643,0.41297573,0.51789176,0.40946472,0.5231406
stand,0.0,0.0,0.45713553,0.37590966,0.46958593,0.3934998,0.45129657,0.3979114,0.47434995,0.41801596,0.4513323,0.43023738,0.4753464,0.43768874,0.46305037,0.4497972,0.46683607,0.4548024,0.45533934,0.45756817,0.4657445,0.49744397,0.45808655,0.5014451,0.45936975,0.53515667,0.45876285,0.54016995
stand,0.4699952,0.38679647,0.45925742,0.38959035,0.47707146,0.40314284,0.4540681,0.410441,0.48700336,0.42821282,0.45330012,0.4429704,0.48508793,0.4433771,0.46959162,0.445277,0.47632524,0.4646547,0.46186298,0.46858418,0.47713786,0.50934947,0.46311966,0.5148097,0.47271892,0.5491628,0.46514964,0.55512977
stand,0.47720772,0.4007981,0.0,0.0,0.48594847,0.41991857,0.4607243,0.42289862,0.49573678,0.44633085,0.45751065,0.4533693,0.48699942,0.47247958,0.46530086,0.47836834,0.48132193,0.48844084,0.46549016,0.4894821,0.48126966,0.5372721,0.46568313,0.5384544,0.47819808,0.5807042,0.46911013,0.58199275
stand,0.4812679,0.43010435,0.46845335,0.42958322,0.48580173,0.44596362,0.4628795,0.4441783,0.49342567,0.46892568,0.4509602,0.462478,0.49750444,0.4938356,0.4431449,0.48420092,0.48321655,0.5075777,0.4692367,0.507196,0.48284525,0.54858446,0.47014168,0.5482536,0.47924608,0.58529603,0.4686906,0.58474797
climb,0.47286484,0.42252907,0.46087173,0.42325234,0.48163024,0.43060938,0.45452952,0.42850104,0.48930603,0.46454796,0.4444837,0.45864668,0.49576387,0.49365222,0.44049162,0.4923263,0.47627553,0.46224967,0.46052277,0.46093524,0.46911624,0.49250013,0.45736322,0.49078962,0.46051282,0.5192103,0.46093124,0.516075
stand,0.47531807,0.49301702,0.45905745,0.49064618,0.47939035,0.51693135,0.44647047,0.5150124,0.48441413,0.5551622,0.4400375,0.55868345,0.48398182,0.5739947,0.43954808,0.59269863,0.47464976,0.6078438,0.45290226,0.6068915,0.47103038,0.6697595,0.4507457,0.6665981,0.46327332,0.7158914,0.44442365,0.70078623
stand,0.0,0.0,0.4796961,0.50070554,0.45397753,0.52662486,0.47199985,0.5378542,0.0,0.0,0.4685819,0.5956389,0.0,0.0,0.47619116,0.6435074,0.4505054,0.6301771,0.46263838,0.6363717,0.45240098,0.69873095,0.4591286,0.7082716,0.4487159,0.76691437,0.45090964,0.77007157
stand,0.463129,0.49510515,0.48140457,0.50039494,0.45023036,0.52507573,0.4841428,0.5422706,0.42920044,0.56324947,0.4925639,0.5934094,0.43263513,0.57062376,0.4849146,0.5916724,0.4481846,0.62077963,0.46905088,0.6300472,0.44936672,0.67506224,0.46497908,0.7035731,0.44829136,0.7367169,0.45769572,0.77124596
stand,0.45894575,0.46841815,0.47345048,0.47092482,0.44736224,0.498488,0.4774587,0.50456434,0.43508905,0.5342063,0.48282245,0.54885983,0.44610235,0.55263203,0.49089232,0.5671602,0.44993928,0.592439,0.46893218,0.59503955,0.45175314,0.6513022,0.46722504,0.6558822,0.45651582,0.7101467,0.4654942,0.7114112
stand,0.0,0.0,0.47151518,0.4648535,0.44604388,0.48775396,0.47562373,0.49038148,0.42962706,0.5067137,0.4922246,0.5040113,0.4380012,0.52162546,0.49832964,0.50407475,0.44785464,0.57465225,0.46541592,0.57589173,0.4510776,0.6268631,0.4648946,0.6308026,0.45293993,0.6840431,0.46236697,0.6810482
stand,0.46991625,0.41285953,0.48017552,0.41382128,0.46284717,0.43233597,0.4837133,0.43439856,0.45099324,0.45753235,0.49297592,0.45889297,0.44627753,0.48326823,0.49766207,0.47898066,0.46616837,0.50060904,0.47828263,0.5017009,0.47041813,0.5495889,0.47886878,0.5503358,0.47011492,0.59685665,0.4747428,0.5989013
stand,0.46315807,0.39166898,0.0,0.0,0.46040004,0.41567966,0.481517,0.4126308,0.45695904,0.4468417,0.0,0.0,0.4614758,0.45275158,0.0,0.0,0.46510357,0.48123214,0.47941756,0.47998825,0.46756664,0.5289189,0.4785373,0.5281432,0.4739032,0.5736222,0.47938472,0.57174456
stand,0.45247433,0.38029844,0.0,0.0,0.45359927,0.40415666,0.46498543,0.40293166,0.44854882,0.436297,0.0,0.0,0.44029936,0.4321722,0.0,0.0,0.45487398,0.4692945,0.46419972,0.46832365,0.45227498,0.5119315,0.4670167,0.51175183,0.45273793,0.5524869,0.47251734,0.5507381
stand,0.2955857,0.36478058,0.0,0.0,0.2975332,0.38507962,0.29845214,0.38468027,0.29837787,0.415751,0.0,0.0,0.29235068,0.4387691,0.0,0.0,0.29761577,0.43959332,0.29855797,0.43896863,0.29140112,0.478394,0.2953446,0.47834405,0.30025262,0.5163165,0.3042943,0.5138383
stand,0.2690047,0.3679396,0.0,0.0,0.2734011,0.38726035,0.27047458,0.38657954,0.27492228,0.41677788,0.0,0.0,0.26939762,0.43866518,0.0,0.0,0.27285323,0.4400107,0.2708878,0.4391494,0.2730547,0.47856185,0.2718951,0.47758302,0.27752835,0.5174078,0.27538383,0.51445043
stand,0.24808237,0.37104627,0.0,0.0,0.2516617,0.39096266,0.25135842,0.3919641,0.252302,0.41960695,0.25095102,0.41723892,0.24032322,0.41749364,0.24024025,0.41149443,0.25065896,0.4481095,0.2496265,0.44783697,0.25476447,0.48702788,0.24820992,0.4868797,0.26723132,0.52040064,0.25260195,0.5186745
stand,0.22709587,0.37524933,0.0,0.0,0.2315519,0.3935266,0.23271233,0.39309022,0.22906467,0.42198136,0.23045747,0.41817176,0.21928784,0.41559526,0.0,0.0,0.23166066,0.44921088,0.2346904,0.44821545,0.22567378,0.4857922,0.23995024,0.4846687,0.22372085,0.522498,0.24886501,0.5191436
stand,0.2052756,0.3800477,0.0,0.0,0.21025397,0.39699546,0.21249148,0.39496222,0.20885015,0.4252673,0.0,0.0,0.19870906,0.41808048,0.0,0.0,0.21214166,0.45290095,0.21307288,0.451075,0.21448581,0.4901755,0.20939358,0.48778498,0.22079371,0.5267609,0.20830072,0.522155
stand,0.18693195,0.3808715,0.0,0.0,0.19213055,0.39779782,0.19403982,0.3971077,0.19173819,0.42816743,0.0,0.0,0.18180619,0.42457473,0.0,0.0,0.19315411,0.45611176,0.19487299,0.45497307,0.1911335,0.4926995,0.19281001,0.49184728,0.19615887,0.5287735,0.19739777,0.52614206
stand,0.17187317,0.381974,0.1624437,0.3841977,0.17667878,0.400968,0.15872864,0.40465188,0.18158281,0.4245759,0.15554267,0.42914525,0.17367995,0.4262576,0.16315176,0.42689452,0.17671646,0.4557533,0.16466928,0.45781514,0.18019313,0.49144998,0.16505106,0.493812,0.18428269,0.5245326,0.16784665,0.52711946
stand,0.0,0.0,0.2701322,0.37309444,0.27748597,0.38968107,0.2646656,0.39450705,0.2787996,0.41038853,0.2658093,0.42215842,0.2834192,0.41205302,0.27853936,0.41432133,0.2799641,0.44582766,0.27084062,0.4501893,0.28987548,0.4802936,0.27589867,0.4862533,0.2892393,0.5156631,0.2740051,0.5232537
stand,0.53372824,0.3865983,0.52295303,0.38863447,0.54026294,0.409291,0.5176942,0.4130226,0.5448367,0.43846104,0.51303005,0.44611472,0.546512,0.46298036,0.512335,0.47295532,0.5382546,0.47151285,0.5243846,0.47337335,0.539105,0.51168567,0.5274072,0.5137565,0.5319946,0.5462549,0.5278528,0.5484887
stand,0.5539372,0.40151495,0.0,0.0,0.5639501,0.42220688,0.5393068,0.41715798,0.5777296,0.44068807,0.52663934,0.43551305,0.58102816,0.4584096,0.52535206,0.45642376,0.556706,0.48945352,0.5411014,0.4864391,0.5576598,0.5387412,0.54274917,0.5351825,0.5560362,0.583852,0.5425615,0.5694033
climb,0.56246305,0.4275476,0.54970634,0.4262274,0.56985563,0.43797758,0.5408731,0.43595436,0.5823062,0.46876314,0.5282135,0.46263704,0.5932488,0.49785563,0.5168007,0.49166334,0.56172323,0.49237925,0.5441584,0.49217755,0.5590708,0.5395917,0.5456728,0.54429793,0.55962354,0.5662559,0.5476558,0.56554395
stand,0.56128716,0.46651,0.5476636,0.4647288,0.5675045,0.47695053,0.54015267,0.47367722,0.5838913,0.48585466,0.52471954,0.47994953,0.59320474,0.4984208,0.5141561,0.4919194,0.55858505,0.5576602,0.54207724,0.55579627,0.55629367,0.6150836,0.54241455,0.6128921,0.55404115,0.6696258,0.5441915,0.6635571
stand,0.5647416,0.4775037,0.0,0.0,0.57499266,0.49785727,0.5450238,0.49740198,0.58129454,0.5399664,0.5424088,0.538734,0.5655123,0.56697285,0.55143696,0.56937546,0.5672258,0.58433783,0.5476413,0.5830361,0.56693894,0.63984144,0.54701793,0.637703,0.55994815,0.6856242,0.5465784,0.68269295
stand,0.552418,0.4922717,0.0,0.0,0.5670617,0.5297344,0.55162495,0.5212027,0.5685323,0.5815382,0.54702467,0.55724716,0.54552555,0.5973794,0.53909665,0.5696506,0.5561065,0.62028646,0.5443743,0.61399007,0.55360126,0.6822255,0.54163945,0.67749494,0.5640812,0.73773754,0.5503577,0.7313281
stand,0.55442214,0.5112965,0.5729025,0.5115894,0.54633385,0.550249,0.57907873,0.54982436,0.5349474,0.59477663,0.58440197,0.59854925,0.5497577,0.59820336,0.57281965,0.6077168,0.55055726,0.6447519,0.57191926,0.64383316,0.5532249,0.71377784,0.5678935,0.7110938,0.55678344,0.78150445,0.56479686,0.7712065
stand,0.562233,0.50449944,0.57919663,0.5071309,0.5519754,0.5360617,0.58574545,0.5489831,0.54025877,0.57838434,0.5901198,0.59667856,0.53675437,0.61022586,0.5893443,0.6300067,0.55315876,0.627484,0.57540774,0.63616085,0.5492165,0.669439,0.5738292,0.7044352,0.54494756,0.72305435,0.5669371,0.7720913
climb,0.54944026,0.41709977,0.56227094,0.41698828,0.5419397,0.43848866,0.5691623,0.43836352,0.52929133,0.47323072,0.5811202,0.47469097,0.5165865,0.5033964,0.59211,0.50424564,0.54750043,0.49992675,0.5638538,0.49978796,0.5506522,0.5113528,0.5647997,0.51130015,0.5554335,0.5502345,0.5596374,0.5490023
stand,0.5409683,0.41021445,0.5512527,0.40612856,0.540425,0.43490878,0.56163025,0.42751554,0.53975064,0.47223246,0.5716694,0.46091637,0.54143447,0.50600445,0.57377267,0.49176273,0.5479587,0.5041329,0.5622329,0.50100994,0.54617673,0.55651534,0.5612329,0.5534608,0.54550743,0.6081857,0.5614473,0.6040933
stand,0.52876776,0.39576712,0.0,0.0,0.52795136,0.41979218,0.5453534,0.41708815,0.52318525,0.45100397,0.0,0.0,0.5210383,0.44299173,0.0,0.0,0.52953273,0.48352015,0.5410115,0.48175964,0.5295994,0.5274623,0.53731,0.52669156,0.5354617,0.56872684,0.536899,0.5671868
climb,0.40345505,0.40676495,0.39064378,0.41000593,0.41325405,0.41994882,0.38685358,0.41998726,0.42220336,0.45439628,0.38029882,0.44882676,0.42599338,0.4877629,0.37540853,0.4798144,0.41146702,0.46269152,0.39506087,0.46179757,0.3983736,0.5010456,0.3835093,0.5000408,0.40092242,0.5253131,0.39324766,0.5232546
stand,0.0,0.0,0.37944555,0.4775054,0.39567497,0.5037496,0.36493108,0.508336,0.39838916,0.54051906,0.35824612,0.55398524,0.40003178,0.57712406,0.36094102,0.59528255,0.39079547,0.59425396,0.3699858,0.59761775,0.3931246,0.6559887,0.37126473,0.66057765,0.3896861,0.70364547,0.36804444,0.71316206
stand,0.0,0.0,0.37274027,0.5038726,0.3526601,0.534373,0.3678128,0.5446404,0.36255774,0.57852185,0.37564823,0.5997031,0.0,0.0,0.38643,0.5781381,0.35757113,0.6340921,0.3683297,0.64084584,0.36119717,0.696484,0.3724773,0.70882773,0.35810822,0.75604403,0.37146094,0.7749601
stand,0.0,0.0,0.35017708,0.5176736,0.3245969,0.5552164,0.35536522,0.55886984,0.32328543,0.5957007,0.36540002,0.6070163,0.0,0.0,0.36030614,0.5907351,0.3345284,0.65513605,0.35615006,0.6556905,0.33904243,0.7286151,0.3634143,0.7206251,0.34033197,0.795691,0.36669055,0.78131247
stand,0.35971516,0.1460245,0.0,0.0,0.35654292,0.16716334,0.37512198,0.16790365,0.3509996,0.19512172,0.37977913,0.19700362,0.3484455,0.22001469,0.37723786,0.21797994,0.35912254,0.22212939,0.37221104,0.2223,0.3548522,0.25954744,0.37333938,0.26076874,0.35101873,0.29518324,0.37398908,0.2957056
bend,0.0,0.0,0.0,0.0,0.3390052,0.20764494,0.35799307,0.20493604,0.33787107,0.23917027,0.3635556,0.23281372,0.34222654,0.2673493,0.0,0.0,0.34586084,0.22234266,0.35836577,0.22176507,0.34633452,0.25784355,0.35713834,0.25765866,0.3494554,0.28939036,0.35593382,0.28839186
climb,0.47286484,0.42252907,0.46087173,0.42325234,0.48163024,0.43060938,0.45452952,0.42850104,0.48930603,0.46454796,0.4444837,0.45864668,0.49576387,0.49365222,0.44049162,0.4923263,0.47627553,0.46224967,0.46052277,0.46093524,0.46911624,0.49250013,0.45736322,0.49078962,0.46051282,0.5192103,0.46093124,0.516075
climb,0.0,0.0,0.47288865,0.4004758,0.45229965,0.42234275,0.47684318,0.42453173,0.44213668,0.46343967,0.4859229,0.46708018,0.44249555,0.49436435,0.49293745,0.50070006,0.4550046,0.49677724,0.47153202,0.49846846,0.46218988,0.48882964,0.48555917,0.489256,0.0,0.0,0.0,0.0
climb,0.56246305,0.4275476,0.54970634,0.4262274,0.56985563,0.43797758,0.5408731,0.43595436,0.5823062,0.46876314,0.5282135,0.46263704,0.5932488,0.49785563,0.5168007,0.49166334,0.56172323,0.49237925,0.5441584,0.49217755,0.5590708,0.5395917,0.5456728,0.54429793,0.55962354,0.5662559,0.5476558,0.56554395
stand,0.56128716,0.46651,0.5476636,0.4647288,0.5675045,0.47695053,0.54015267,0.47367722,0.5838913,0.48585466,0.52471954,0.47994953,0.59320474,0.4984208,0.5141561,0.4919194,0.55858505,0.5576602,0.54207724,0.55579627,0.55629367,0.6150836,0.54241455,0.6128921,0.55404115,0.6696258,0.5441915,0.6635571
stand,0.5647416,0.4775037,0.0,0.0,0.57499266,0.49785727,0.5450238,0.49740198,0.58129454,0.5399664,0.5424088,0.538734,0.5655123,0.56697285,0.55143696,0.56937546,0.5672258,0.58433783,0.5476413,0.5830361,0.56693894,0.63984144,0.54701793,0.637703,0.55994815,0.6856242,0.5465784,0.68269295
stand,0.552418,0.4922717,0.0,0.0,0.5670617,0.5297344,0.55162495,0.5212027,0.5685323,0.5815382,0.54702467,0.55724716,0.54552555,0.5973794,0.53909665,0.5696506,0.5561065,0.62028646,0.5443743,0.61399007,0.55360126,0.6822255,0.54163945,0.67749494,0.5640812,0.73773754,0.5503577,0.7313281
stand,0.55442214,0.5112965,0.5729025,0.5115894,0.54633385,0.550249,0.57907873,0.54982436,0.5349474,0.59477663,0.58440197,0.59854925,0.5497577,0.59820336,0.57281965,0.6077168,0.55055726,0.6447519,0.57191926,0.64383316,0.5532249,0.71377784,0.5678935,0.7110938,0.55678344,0.78150445,0.56479686,0.7712065
stand,0.562233,0.50449944,0.57919663,0.5071309,0.5519754,0.5360617,0.58574545,0.5489831,0.54025877,0.57838434,0.5901198,0.59667856,0.53675437,0.61022586,0.5893443,0.6300067,0.55315876,0.627484,0.57540774,0.63616085,0.5492165,0.669439,0.5738292,0.7044352,0.54494756,0.72305435,0.5669371,0.7720913
stand,0.0,0.0,0.5665769,0.46857408,0.5437258,0.49165028,0.5715953,0.49623886,0.5283878,0.49942508,0.587473,0.50936824,0.51775426,0.494668,0.59684515,0.50879806,0.54727507,0.5758189,0.5638242,0.577942,0.54506844,0.6325207,0.560575,0.63835496,0.5446819,0.6906954,0.557412,0.69490695
climb,0.54944026,0.41709977,0.56227094,0.41698828,0.5419397,0.43848866,0.5691623,0.43836352,0.52929133,0.47323072,0.5811202,0.47469097,0.5165865,0.5033964,0.59211,0.50424564,0.54750043,0.49992675,0.5638538,0.49978796,0.5506522,0.5113528,0.5647997,0.51130015,0.5554335,0.5502345,0.5596374,0.5490023
stand,0.5409683,0.41021445,0.5512527,0.40612856,0.540425,0.43490878,0.56163025,0.42751554,0.53975064,0.47223246,0.5716694,0.46091637,0.54143447,0.50600445,0.57377267,0.49176273,0.5479587,0.5041329,0.5622329,0.50100994,0.54617673,0.55651534,0.5612329,0.5534608,0.54550743,0.6081857,0.5614473,0.6040933
climb,0.40345505,0.40676495,0.39064378,0.41000593,0.41325405,0.41994882,0.38685358,0.41998726,0.42220336,0.45439628,0.38029882,0.44882676,0.42599338,0.4877629,0.37540853,0.4798144,0.41146702,0.46269152,0.39506087,0.46179757,0.3983736,0.5010456,0.3835093,0.5000408,0.40092242,0.5253131,0.39324766,0.5232546
stand,0.39090073,0.48563284,0.0,0.0,0.4000796,0.49336326,0.3743255,0.49358886,0.41623238,0.49060154,0.36239693,0.49055457,0.42007524,0.49418268,0.35320333,0.5007312,0.39425656,0.5608078,0.37783733,0.5601028,0.39299166,0.6172412,0.37968346,0.61431426,0.3948431,0.66901284,0.38714418,0.66093135
stand,0.0,0.0,0.37944555,0.4775054,0.39567497,0.5037496,0.36493108,0.508336,0.39838916,0.54051906,0.35824612,0.55398524,0.40003178,0.57712406,0.36094102,0.59528255,0.39079547,0.59425396,0.3699858,0.59761775,0.3931246,0.6559887,0.37126473,0.66057765,0.3896861,0.70364547,0.36804444,0.71316206
stand,0.0,0.0,0.37274027,0.5038726,0.3526601,0.534373,0.3678128,0.5446404,0.36255774,0.57852185,0.37564823,0.5997031,0.0,0.0,0.38643,0.5781381,0.35757113,0.6340921,0.3683297,0.64084584,0.36119717,0.696484,0.3724773,0.70882773,0.35810822,0.75604403,0.37146094,0.7749601
stand,0.0,0.0,0.35017708,0.5176736,0.3245969,0.5552164,0.35536522,0.55886984,0.32328543,0.5957007,0.36540002,0.6070163,0.0,0.0,0.36030614,0.5907351,0.3345284,0.65513605,0.35615006,0.6556905,0.33904243,0.7286151,0.3634143,0.7206251,0.34033197,0.795691,0.36669055,0.78131247
climb,0.0,0.0,0.39903897,0.39852235,0.37804937,0.4196388,0.4022712,0.42201254,0.3686097,0.46136066,0.41113514,0.46384877,0.36939096,0.4955582,0.41747338,0.49760583,0.38083377,0.49403012,0.396137,0.49575442,0.38857934,0.5089468,0.4051759,0.50979966,0.0,0.0,0.0,0.0
stand,0.0,0.0,0.38646558,0.4800651,0.40174362,0.49917117,0.37243465,0.49789494,0.4041738,0.53653157,0.36461905,0.53268355,0.40179932,0.5691735,0.36407295,0.5616906,0.3935233,0.5812446,0.3736421,0.5797978,0.39043817,0.6408514,0.367595,0.6357241,0.38353682,0.69323355,0.36489412,0.67616117
stand,0.5176471,0.5004367,0.5351183,0.50189686,0.5073596,0.53295183,0.54120004,0.5395263,0.49411103,0.574556,0.5532785,0.5844611,0.50626814,0.5923249,0.5594762,0.6113174,0.51244444,0.62495345,0.5310511,0.63044995,0.5228226,0.6774891,0.52381104,0.6995976,0.53617066,0.7378004,0.5136657,0.76646304
climb,0.5493738,0.41773129,0.5621798,0.41783464,0.54193306,0.43971175,0.5695215,0.43987128,0.5301429,0.47292835,0.5806819,0.47570157,0.51626587,0.50153154,0.59307206,0.5039718,0.5470636,0.50395244,0.563678,0.50359666,0.54995936,0.538064,0.56436324,0.5363519,0.55548656,0.56445324,0.560332,0.5605552
stand,0.5360693,0.4054063,0.0,0.0,0.5347745,0.4319935,0.55672795,0.42922652,0.53250533,0.47003147,0.567589,0.46479616,0.5305452,0.49937043,0.5663147,0.4914909,0.5391269,0.5015338,0.5540117,0.50026804,0.5397088,0.5520336,0.55708754,0.55094445,0.5439078,0.5976435,0.56280494,0.59536797
stand,0.471136,0.39271438,0.0,0.0,0.47917342,0.40956852,0.45512965,0.41168284,0.4867059,0.43754825,0.45050153,0.44275516,0.48333576,0.4595064,0.46637627,0.4582936,0.47620788,0.4695978,0.46101904,0.47090054,0.47782385,0.51407766,0.46222737,0.51573664,0.47272444,0.55727255,0.46316823,0.55907166
stand,0.4801103,0.4004826,0.46854708,0.40182686,0.4852414,0.41736645,0.46128073,0.4214079,0.49363205,0.4421608,0.45640942,0.4520472,0.48905537,0.46047422,0.47357988,0.46573988,0.48222825,0.48377177,0.4670959,0.48626426,0.4821312,0.5316327,0.4655467,0.5353069,0.47839588,0.5736309,0.46552822,0.5785219
stand,0.0,0.0,0.46983656,0.43138918,0.48432073,0.453091,0.45858455,0.45238063,0.48766166,0.48541513,0.45090628,0.48729897,0.48215044,0.5024137,0.4634965,0.5067704,0.47978714,0.5270471,0.4638426,0.5279864,0.47803825,0.5813064,0.46479848,0.58340746,0.47336894,0.628999,0.46771127,0.63233787
stand,0.0,0.0,0.46696043,0.44562817,0.47901762,0.470104,0.45425674,0.46717036,0.48103678,0.50416636,0.44547886,0.5052405,0.48036927,0.51546234,0.45879224,0.5253645,0.47478074,0.54908687,0.45863345,0.54932004,0.47447518,0.6050593,0.45466846,0.606126,0.47078753,0.6565807,0.45096922,0.6584764
stand,0.0,0.0,0.4744573,0.45035195,0.4663406,0.4729864,0.4593098,0.47858083,0.46954414,0.5086043,0.45792335,0.52456784,0.48364764,0.50981176,0.48009557,0.5207753,0.46526378,0.55379015,0.45929772,0.55936795,0.4695063,0.60092413,0.45801613,0.6150843,0.4658895,0.64342296,0.45156148,0.66755813
stand,0.0,0.0,0.48586765,0.44403595,0.48051044,0.46505386,0.46815327,0.46605444,0.47816947,0.4954571,0.46011364,0.5044005,0.4863074,0.5021124,0.48001683,0.51929456,0.4757085,0.54407877,0.46552584,0.5473754,0.47969052,0.59291655,0.45935518,0.60638547,0.47440577,0.63269573,0.45491365,0.65963686
stand,0.0,0.0,0.47288412,0.4227504,0.48609254,0.44526103,0.46157548,0.4411219,0.48731968,0.47671294,0.45531702,0.47523725,0.4810336,0.4830199,0.47354466,0.48544633,0.48014536,0.5155349,0.4644354,0.5149249,0.48027372,0.5678502,0.46414918,0.5678834,0.47741407,0.6164934,0.46649066,0.6174479
stand,0.48381445,0.407475,0.0,0.0,0.49145797,0.4291027,0.46947548,0.42603093,0.4949424,0.46318546,0.46551126,0.45624703,0.4776717,0.46686578,0.47373798,0.46172664,0.48455575,0.49811083,0.46977726,0.49575856,0.48436707,0.547991,0.46734935,0.54474676,0.48431686,0.5949478,0.46780273,0.5903308
stand,0.47601148,0.4001243,0.0,0.0,0.4864045,0.4181021,0.46379942,0.41826108,0.4933168,0.44666484,0.4605429,0.4482046,0.48335332,0.4614489,0.46303782,0.47127014,0.4825902,0.48466015,0.46825087,0.4839217,0.48350412,0.5321887,0.46988675,0.5303839,0.4823821,0.5757081,0.47470677,0.5730474
stand,0.47636503,0.40743244,0.0,0.0,0.4842018,0.42449093,0.4607364,0.42715555,0.49671948,0.4480104,0.45364994,0.45284942,0.48852077,0.4661335,0.45429066,0.47294632,0.4812292,0.49368528,0.46734843,0.49481088,0.48008683,0.54144603,0.4713584,0.542397,0.48032257,0.58573586,0.4764262,0.5861405
stand,0.4709592,0.43354756,0.0,0.0,0.4810651,0.4416815,0.4536985,0.4429675,0.49533153,0.46005148,0.44377473,0.45943263,0.49593803,0.48715374,0.44144967,0.48204017,0.47701514,0.5096121,0.4610147,0.5101715,0.47623116,0.5572902,0.46333024,0.55766344,0.47416332,0.59466225,0.4665515,0.59401953
climb,0.47424954,0.40509552,0.45987406,0.40441108,0.47949317,0.42459065,0.45431605,0.42240572,0.48897308,0.46044287,0.44621795,0.4557975,0.4959014,0.49013072,0.43995965,0.48663193,0.47356176,0.46658772,0.45793274,0.46543092,0.47290194,0.4776219,0.45393616,0.4764325,0.46783155,0.51411164,0.45354745,0.5127219
climb,0.0,0.0,0.0,0.0,0.0,0.6262322,0.009564147,0.61976165,0.0,0.0,0.0,0.0,0.0,0.0,0.0,0.0,0.0048290673,0.6929599,0.016289756,0.69157696,0.015309909,0.744563,0.030554611,0.7414422,0.02587032,0.79147863,0.04553891,0.7886421
stand,0.473868,0.45842794,0.45921758,0.4578831,0.47908792,0.4704043,0.4527284,0.46938905,0.49079219,0.47594434,0.44161522,0.4737069,0.49595678,0.4917474,0.44161275,0.48750925,0.47221833,0.54981107,0.45511934,0.54982007,0.4722541,0.6090986,0.45517763,0.61075586,0.46805727,0.65988314,0.45735827,0.659374
stand,0.0,0.0,0.0,0.0,0.009007949,0.575964,0.010015634,0.5767823,0.0,0.0,0.0,0.0,0.0,0.0,0.0,0.0,0.016957138,0.63545215,0.017373448,0.6364252,0.021462422,0.68421394,0.024928197,0.68450487,0.030672248,0.729692,0.03447543,0.72791255
stand,0.46980026,0.47355288,0.0,0.0,0.48289943,0.49999937,0.4525377,0.4924186,0.4878406,0.5389113,0.44540533,0.5250677,0.4769658,0.56781787,0.44587067,0.55981404,0.47525376,0.57973754,0.4544603,0.57445544,0.47414735,0.63891476,0.45233202,0.629972,0.47314638,0.6878601,0.4544589,0.66363776
stand,0.45937267,0.48582593,0.0,0.0,0.47528222,0.5187098,0.44854996,0.5161267,0.4780758,0.5662529,0.44062495,0.55410755,0.45206428,0.5673355,0.43948472,0.5796175,0.46620256,0.60903984,0.4478884,0.60715455,0.46247151,0.6676721,0.4469192,0.6747105,0.47168893,0.7157725,0.45908377,0.72651047
stand,0.43552548,0.5160694,0.0,0.0,0.4385436,0.5564478,0.46421593,0.5427763,0.43603504,0.6099719,0.0,0.0,0.42566463,0.5909803,0.0,0.0,0.4501676,0.6465629,0.4680805,0.63988525,0.4498227,0.7124413,0.46528503,0.7023358,0.45738202,0.77725524,0.47122717,0.7671176
stand,0.0,0.0,0.0,0.0,0.006653059,0.6062292,0.013250867,0.6031962,0.008615217,0.61236775,0.0,0.0,0.0,0.0,0.0,0.0,0.021258956,0.6753366,0.026091142,0.6751366,0.027186813,0.72478044,0.033818588,0.72302586,0.03529423,0.7634754,0.04429059,0.76086694
stand,0.4465725,0.52576894,0.46694764,0.5254494,0.43922186,0.56684864,0.47556764,0.5659381,0.43214178,0.6159559,0.48246258,0.6137164,0.0,0.0,0.46770805,0.62298995,0.4459468,0.66108954,0.47021607,0.66271216,0.4469065,0.7229737,0.4671822,0.73158926,0.44803888,0.7801297,0.4666672,0.79879826
climb,0.46102247,0.4010236,0.47332284,0.40108433,0.45401448,0.42885068,0.47749147,0.4284412,0.4421426,0.46995628,0.48622197,0.46887913,0.43831244,0.49636355,0.49091858,0.5016656,0.4623401,0.5007932,0.4764394,0.5010632,0.4697854,0.55280674,0.4820178,0.5510996,0.0,0.0,0.0,0.0
stand,0.0,0.0,0.48529217,0.3949226,0.4649443,0.41720217,0.48745987,0.4198435,0.4585801,0.45074382,0.4871631,0.4546936,0.4615426,0.47871456,0.48047736,0.48305985,0.4662233,0.4866004,0.48208386,0.48800465,0.46644804,0.54106736,0.48307422,0.5427036,0.46652836,0.5925219,0.4837351,0.59486026
stand,0.39832237,0.37008083,0.0,0.0,0.40657476,0.38827956,0.39926314,0.39019424,0.40522987,0.41715747,0.39923054,0.41515338,0.3902122,0.40884247,0.38852128,0.404361,0.40514213,0.45087805,0.39950168,0.45004025,0.4070864,0.49370804,0.39635757,0.49200574,0.41137874,0.5313655,0.3953055,0.5287424
stand,0.37952483,0.3678474,0.0,0.0,0.38790634,0.38789594,0.37831837,0.3859547,0.38931522,0.41742882,0.37620607,0.40883568,0.37510237,0.40407467,0.36897674,0.4023237,0.38582733,0.4467332,0.37916198,0.44407773,0.38435084,0.48961565,0.37875152,0.48555008,0.0,0.0,0.0,0.0
stand,0.36015195,0.3738092,0.0,0.0,0.3684802,0.39218608,0.3598344,0.39422566,0.37010762,0.42187092,0.35890514,0.42173946,0.35648084,0.42005995,0.35160375,0.41901776,0.36533573,0.45346475,0.35925275,0.4526653,0.36379212,0.49706674,0.0,0.0,0.0,0.0,0.0,0.0
stand,0.34286267,0.3713481,0.0,0.0,0.3502107,0.39238626,0.3425161,0.3937192,0.35283688,0.4214802,0.33953547,0.42107227,0.34002107,0.4179542,0.3327323,0.42038107,0.34733304,0.4545,0.34239224,0.45347703,0.34523997,0.50026435,0.34133178,0.4986146,0.34878314,0.53724015,0.34494624,0.534585
stand,0.33090347,0.3752876,0.0,0.0,0.33835974,0.39721182,0.3242934,0.39620912,0.34038958,0.42760643,0.32254127,0.42206696,0.32450557,0.4172722,0.31963032,0.4158146,0.33333674,0.45807794,0.32410875,0.45617986,0.33062798,0.50058156,0.32432568,0.49779788,0.3361596,0.5382321,0.3323752,0.53485554
stand,0.039431877,0.41811126,0.031427372,0.42082164,0.04243857,0.43569344,0.031213064,0.44109675,0.045839645,0.45721057,0.030751195,0.46739078,0.041127145,0.469923,0.035082765,0.4795236,0.047810346,0.48680127,0.039280042,0.49000013,0.055772807,0.5247451,0.04148947,0.52826065,0.06279105,0.5616801,0.04122055,0.5649678
stand,0.32342046,0.37527406,0.31303233,0.3761378,0.32812437,0.39298376,0.30801952,0.3954415,0.3329805,0.4188768,0.30428854,0.4234874,0.3258985,0.41700533,0.31398126,0.41841328,0.32792443,0.45168194,0.31457976,0.45338926,0.33111638,0.49481258,0.31388006,0.4969147,0.3330768,0.53618395,0.3158861,0.5388504
stand,0.0,0.0,0.05350318,0.41422552,0.06533555,0.43369994,0.05116623,0.43706354,0.06916976,0.46025705,0.048917018,0.46565697,0.07305791,0.48127362,0.051695555,0.48261163,0.06811011,0.48686805,0.05912155,0.48946917,0.072354585,0.52902776,0.064436756,0.5318917,0.0720651,0.5708849,0.06518415,0.5741402
stand,0.0,0.0,0.32727316,0.3732305,0.3378423,0.39465755,0.32195836,0.39515018,0.34009337,0.41998816,0.31992403,0.42348745,0.3381946,0.41227993,0.33263737,0.41503453,0.33809263,0.4545005,0.32658243,0.45562965,0.3418296,0.4984102,0.32316312,0.5000017,0.3415149,0.53816134,0.317422,0.5405691
stand,0.0,0.0,0.098404646,0.40283227,0.10850359,0.42460185,0.095427535,0.4270077,0.11217287,0.45206475,0.09379887,0.45691213,0.11298276,0.46335015,0.10228995,0.46416786,0.11077841,0.48186103,0.10291909,0.48422804,0.11194015,0.52185655,0.11040076,0.52453977,0.10850438,0.55982065,0.11028235,0.5629793
stand,0.0,0.0,0.34345144,0.3702519,0.34441432,0.39128456,0.33805454,0.39043278,0.0,0.0,0.33442634,0.41739717,0.0,0.0,0.35113227,0.41263816,0.34622392,0.45075893,0.34206942,0.4522538,0.34842733,0.4930693,0.34746364,0.4945668,0.34252518,0.5328207,0.3420149,0.53656423
stand,0.0,0.0,0.35365462,0.37111336,0.35408646,0.3920918,0.34898275,0.39364308,0.3569469,0.4167537,0.3500772,0.42388,0.36696348,0.41025028,0.36403885,0.41340095,0.35728973,0.45251524,0.35367942,0.4548816,0.3581208,0.49890012,0.35624665,0.5014993,0.0,0.0,0.0,0.0
